-0.241090036638898 -1.59608226009888
-3.7952633327004 2.98214882424911
-1.46016022598351 -1.38046349953979
0.379559191399193 -1.15452396785592
1.79055559112919 -3.48881466126336
0.280127907438186 -0.285273181282812
0.176867562641972 -0.28012743418403
-0.177515661157421 -0.850541001915607
-0.120468207289594 -0.0879665469155482
-0.292745498643899 0.346069084861567
-0.620660642729617 -0.71619202678777
-3.32643826698319 -2.07719367296236
0.480169735133903 -0.691875087102133
1.0052013805365 0.0112228044982784
0.777867607179416 -0.31831792510449
0.476982713741645 -0.691634068730137
-0.203653252841699 0.881124629352115
0.376822809921803 0.2675900508025
-0.573386456123506 0.364223460417591
0.981494910901135 -0.286601788598483
