    1            40        32       16       20       38       37       28       43       32        30
    2            35        30       41       44       39       38       32       36       41        27
    3            30        42       48       26       42       34       30       36       43        36
    4            22        27       34       19       40       24       29       14       30        31
    5            21        38       46       28       48       33       28       22       34        26
    6            39        40       47       37       43       40       34       31       49        42
    7            39        39       27       42       36       36       34       47       43        38
    8            22        23       34       16       33       30       33       20       21        30
    9            44        33       43       31       40       40       32       41       40        27
   10           34        34       41       41       51       32       41       46       38        38
   11           30        43       34       46       50       34       32       45       38        33
   12           26        34       32       20       38       20       26       28       28        33
   13           44        42       54       48       54       44       34       52       43        44
   14           36        39       49       24       49       36       35       50       36        36
   15           30        35       32       28       43       32       34       37       39        24
   16           18        25       38       24       32       22       30         8       36        23
   17           27        28       35       25       42       25       36       16       30        24
   18           30        36       42       28       15       26       32       39       28        23
   19           33        16       38       35       51       40       33       40       35        40
   20           26        37       54       32       36       41       38       27       37        32
   21           31        33       33       32       47       37       32       22       36        28
   22           29        31       29       26       38       28       21       27       27        22
   23           34        29       40       26       33       31       30       39       34        26
   24           36        27       34       21       31       27       23       35       36        37
   25           42        40       36       31       41       38       35       41       36        31
   26           32        38       37       42       44       49       32       43       32        40
   27           38        40       40       32       36       41       36       43       41        28
