    1            26        38       44       26       37       38       22       28       30        33
    2            31        30       26       23       43       35       28       24       27        33
    3            28        36       36       16       46       28       33       28       28        39
    4            19        43       39       16       46       43       33       28       40        28
    5            31        33       26       29       41       33       23       30       23        24
    6            35        36       43       32       46       22       37       48       34        43
    7            37        35       38       31       44       29       37       41       46        31
    8            41        37       36       29       32       30       32       39       48        27
    9            35        40       34       49       37       34       34       36       34        40
   10           29        19       34       42       32       32       30       40       22        37
   11           18        26       27       26       21       22       26       12       27        26
   12           38        40       27       30       44       40       29       36       42        38
   13           31        23       40       28       37       37       30       45       39        24
   14           26        21       31       29       41       23       24       22       28        26
   15           33        20       44       34       23       37       28       17       39        35
   16           27        36       39       19       28       28       23       38       29        36
   17           22        32       35       26       41       38       25       24       38        26
   18           37        38       36       47       46       38       36       34       32        40
   19           24        40       28       16       36       34       27       24       34        38
   20           11        27       36       19       38       22       23       31       41        35
   21           24        30       30       26       30       36       30       38       35        32
   22           28        14       31       36       48       36       27       38       31        41
   23           17        25       31       35       46       25       30       42       36        27
   24           31        29       34       28       32       31       24       26       29        31
   25           34        38       42       31       43       26       27       27       30        30
   26           41        46       40       39       44       46       36       42       41        40
   27           23        26       37       21       32       34       22       20       31        18
