156 245 31.6 18.5 20.5 
154 240 30.4 17.9 19.6 
153 240 31.0 18.4 20.6 
153 236 30.9 17.7 20.2 
155 243 31.5 18.6 20.3 
163 247 32.0 19.0 20.9 
157 238 30.9 18.4 20.2
155 239 32.8 18.6 21.2 
164 248 32.7 19.1 21.1 
158 238 31.0 18.8 22.0
158 240 31.3 18.6 22.0 
160 244 31.1 18.6 20.5 
161 246 32.3 19.3 21.8 
157 245 32.0 19.1 20.0 
157 235 31.5 18.1 19.8 
156 237 30.9 18.0 20.3 
158 244 31.4 18.5 21.6 
153 238 30.5 18.2 20.9 
155 236 30.3 18.5 20.1 
163 246 32.5 18.6 21.9 
159 236 31.5 18.0 21.5 
