155 240 31.4 18.0 20.7
156 240 31.5 18.2 20.6
160 242 32.6 18.8 21.7
152 232 30.3 17.2 19.8
160 250 31.7 18.8 22.5
155 237 31.0 18.5 20.0
155 237 31.0 18.5 20.0
157 245 32.2 19.5 21.4
165 245 33.1 19.8 22.7
153 231 30.1 17.3 19.8
162 239 30.3 18.0 23.1
162 243 31.6 18.8 21.3
159 245 31.8 18.5 21.7
159 247 30.9 18.1 19.0
155 243 30.9 18.5 21.3
162 252 31.9 19.1 22.2
152 230 30.4 17.3 18.6
159 242 30.8 18.2 20.5
155 238 31.2 17.9 19.3
163 249 33.4 19.5 22.8
163 242 31.0 18.1 20.7
156 237 31.7 18.2 20.3
159 238 31.5 18.4 20.3
161 245 32.1 19.1 20.8
155 235 30.7 17.7 19.6
162 247 31.9 19.1 20.4
153 237 30.6 18.6 20.4
162 245 32.5 18.5 21.1
164 248 32.3 18.8 20.9